0,8982.95893235,19.01821725,72.84389885
9,9105.84101215,19.019141,72.84453987
18,9105.84101215,19.019141,72.84453987
25,9409.82976117,19.02143364,72.84611082
41,9360.16337619,19.02107634,72.84582829
59,9318.51024651,19.02103086,72.8451559
61,9360.16337619,19.02107634,72.84582829
90,10731.0508039,19.03148819,72.85280578
92,10381.0724416,19.02878193,72.85110279
94,10402.2511666,19.02901873,72.85108649
109,10852.8411182,19.03225339,72.85368147
124,10731.0508039,19.03148819,72.85280578
133,10402.2511666,19.02901873,72.85108649
139,11556.7622368,19.037681,72.85713708
153,11463.4662366,19.0369618,72.85667956
183,12077.7009913,19.04157692,72.85988795
189,13351.5720871,19.05129432,72.86630304
193,13428.4717447,19.05184688,72.86674644
200,13351.5720871,19.05129432,72.86630304
202,13095.0815908,19.04927072,72.86512151
206,12903.4303127,19.04789563,72.86401373
275,14697.9916072,19.06104479,72.87391477
305,14772.7229072,19.06145687,72.87452904
312,14406.1623998,19.05896249,72.87222025
335,15283.0073166,19.06445331,72.87837729
366,15351.4336533,19.06479629,72.87896337
397,15283.0073166,19.06445331,72.87837729
399,15283.0073166,19.06445331,72.87837729
404,15351.4336533,19.06479629,72.87896337
410,15283.0073166,19.06445331,72.87837729
431,15509.7468387,19.06578204,72.88006574
433,15509.7468387,19.06578204,72.88006574
442,15509.7468387,19.06578204,72.88006574
449,15509.7468387,19.06578204,72.88006574
451,15509.7468387,19.06578204,72.88006574
454,15509.7468387,19.06578204,72.88006574
458,15559.6846449,19.06612148,72.88037682
463,15519.3553965,19.06584632,72.88012691
469,15519.3553965,19.06584632,72.88012691
472,15437.0991746,19.0654036,72.87946487
481,16288.6610922,19.07038978,72.88575581
494,16288.6610922,19.07038978,72.88575581
499,16288.6610922,19.07038978,72.88575581
523,17532.8196876,19.07750209,72.89477981
525,17532.8196876,19.07750209,72.89477981
530,17532.8196876,19.07750209,72.89477981
532,17796.6780457,19.07899832,72.89672831
540,17532.8196876,19.07750209,72.89477981
548,17268.8180887,19.07593051,72.8928969
557,17913.8852972,19.07976946,72.89749835
559,17887.6876554,19.07945798,72.89745045
561,17146.1790038,19.07522682,72.89199867
575,17976.8035869,19.08007435,72.89800966
577,18371.6048595,19.08214646,72.90107229
579,18232.7958191,19.08142566,72.89998911
593,18371.6048595,19.08214646,72.90107229
617,19050.0066095,19.08501587,72.90690128
622,18560.5109339,19.08324382,72.90244408
624,19172.5918091,19.08539377,72.90806026
633,19154.6901953,19.08544104,72.90780994
640,19154.6901953,19.08544104,72.90780994
673,19163.5373076,19.08556077,72.90781969
676,19145.5568067,19.08548234,72.90766794
689,19239.2937383,19.08611453,72.90827929
698,19297.9421298,19.08641633,72.9087375
709,19297.9421298,19.08641633,72.9087375
718,19548.2246328,19.08755237,72.91073049
727,19953.9102646,19.08984842,72.91375041
750,19997.6127814,19.09035844,72.91388289
754,20678.7664416,19.09489175,72.9183896
781,20923.4742491,19.09645408,72.91979994
790,21372.6300537,19.09920562,72.92292997
825,22720.0091112,19.1110617,72.92797208
830,22720.0091112,19.1110617,72.92797208
833,22666.2678992,19.11045784,72.92797435
835,22666.2678992,19.11045784,72.92797435
839,22666.2678992,19.11045784,72.92797435
842,22637.1724215,19.11011222,72.92799839
848,22720.0091112,19.1110617,72.92797208
855,22802.2470001,19.11194316,72.92801773
861,22935.7311619,19.11352533,72.92782545
866,23061.725508,19.11492979,72.92773623
888,23265.4766155,19.11699274,72.92788295
890,23283.2724084,19.11710709,72.92801072
897,23283.2724084,19.11710709,72.92801072
920,24209.8565152,19.12662359,72.92773388
927,24186.610273,19.12631602,72.92791508
929,24954.5804327,19.13102458,72.92903389
931,24679.9034258,19.12854631,72.92767987
936,24915.5054127,19.13067609,72.9289116
945,24642.5886008,19.12822669,72.92859566
949,24666.7169079,19.12842664,72.92765655
958,25419.1483176,19.13500148,72.9317495
965,25448.0873577,19.13525074,72.93185334
983,25316.0561236,19.13411846,72.93132415
1005,26002.1343185,19.13970273,72.93533756
1014,26967.2850788,19.14576252,72.94010221
1017,27049.3566455,19.14655745,72.94023503
1020,26870.0923439,19.14511099,72.9394644
1029,26718.316661,19.14390366,72.93878155
1035,26955.539817,19.14571896,72.93996746
1038,27596.7203533,19.15037282,72.94358439
1044,27253.6535764,19.14795421,72.94153348
1047,27298.3394087,19.14818705,72.94193463
1052,27383.1087261,19.14866517,72.94263079
1059,27792.3453972,19.15181276,72.94465466
1061,27804.2413519,19.15189409,72.94472967
1070,28322.2986281,19.15592777,72.94720867
1077,28200.8686555,19.15498885,72.94661867
1099,28197.6581221,19.15502684,72.94650103
1104,28962.7898425,19.1612601,72.94968326
1113,29382.719147,19.16479357,72.95120372
1121,29247.4462037,19.1635278,72.9509473
1124,28790.3662291,19.15987936,72.94892919
1130,29247.4462037,19.1635278,72.9509473
1135,28789.1172477,19.15983757,72.94897901
1139,28789.1172477,19.15983757,72.94897901
1144,29954.2983765,19.16916075,72.9538414
1151,29910.5892832,19.16898222,72.9535695
1160,30250.8596443,19.17111522,72.95601191
1196,30448.9305015,19.1726682,72.95693528
1203,30690.7183571,19.1739567,72.95918057
1301,30448.9305015,19.1726682,72.95693528
1332,30423.8200706,19.17250784,72.95674593
1335,30448.9305015,19.1726682,72.95693528
1342,30423.8200706,19.17250784,72.95674593
1362,30701.0204722,19.17435012,72.95867016
1362,30923.4042871,19.17583468,72.96017325
1369,30986.1971895,19.17632407,72.96047145
1392,31627.8873217,19.1805387,72.96484316
1396,31131.3712537,19.17702203,72.96190039
1459,32706.758501,19.18542345,72.97373904
1483,33391.7198248,19.18715584,72.98050263
1483,32689.1536217,19.18568719,72.97328155
1488,32981.6117029,19.18616888,72.97645232
1492,32973.8076075,19.18639031,72.97617829
1567,32997.2611678,19.18620699,72.97660857
1575,32973.8076075,19.18639031,72.97617829
1593,33046.9259202,19.1864849,72.97697881
1600,33015.9970553,19.18660301,72.97651196
1602,33015.2308544,19.18647286,72.9766093
1611,33174.4727963,19.18685134,72.97820293
1618,33095.918743,19.18666496,72.97741893
1627,33275.5324435,19.18735448,72.9790051
1688,33594.3414689,19.18800124,72.98222442
1691,33594.3414689,19.18800124,72.98222442
1697,33594.3414689,19.18800124,72.98222442
1718,33972.0593988,19.18897949,72.98583022
1718,33899.0248846,19.18888377,72.98507402
1727,33935.0036075,19.18889394,72.98547136
1730,33564.5295439,19.18797047,72.98190501
1733,33629.8452917,19.18835684,72.9823792
1739,33218.2619746,19.18694068,72.97864922
1742,34198.8175793,19.18961141,72.98794931
1745,34228.3467002,19.18975908,72.98818335
1751,34217.674799,19.18970193,72.98810116
1754,34169.7504868,19.18951963,72.98768501
1779,34555.223721,19.1910784,72.99097283
1817,35014.5730067,19.1907501,72.9961428
1903,37939.5606587,19.18998749,73.02330081
1916,39148.9064812,19.18550129,73.03497944
1924,39037.8674654,19.18501694,73.0339138
1947,39280.1044147,19.18612695,73.03623265
1978,39462.9034306,19.18685911,73.03796864
1979,39693.0986818,19.18813891,73.04013076
1983,39721.8156743,19.1882247,73.0404013
2001,39519.1836083,19.18723547,73.0384986
2003,39473.3396745,19.186903,73.03806744
2010,39789.4133067,19.18819668,73.04104613
2012,39789.4133067,19.18819668,73.04104613
2040,40570.725662,19.19064018,73.0461389
2046,40923.6654455,19.19233483,73.04965532
2071,40992.6502462,19.19225283,73.05030794
2079,37791.7155316,19.20553039,73.01729885
2097,40992.6502462,19.19225283,73.05030794
2118,41471.4139735,19.19446954,73.05496023
2124,41149.3624444,19.19291139,73.05184019
2151,42288.3355958,19.19995676,73.06256723
2224,45001.2271314,19.21494496,73.08243161
2230,45001.2271314,19.21494496,73.08243161
2233,44879.0945504,19.21416223,73.08152571
2255,45722.2687263,19.21716962,73.085146
2260,45926.9646518,19.21841979,73.08659747
2300,45981.0731447,19.21851337,73.08715773
2304,45899.4495575,19.21800234,73.08658783
2307,46013.6549172,19.21887046,73.0872709
2331,45981.1640333,19.21851536,73.08715731
2334,45875.1619296,19.21786152,73.0864099
2337,45831.9121356,19.21762542,73.08608222
2341,46298.9112318,19.22033454,73.08950097
2362,46217.1889579,19.21964675,73.08906167
2366,46663.6890473,19.22213513,73.09240621
2370,46357.1665665,19.22054862,73.09001981
2393,47013.9709551,19.22435496,73.09482751
2397,47420.1523427,19.22622579,73.09816455
2424,47429.8683552,19.22624386,73.09826436
2426,47766.4987897,19.22730605,73.10138842
2429,47436.5619107,19.22625455,73.09833442
2454,48549.8427215,19.22974377,73.10863834
2455,48529.0818911,19.22968101,73.10844561
2462,48549.8427215,19.22974377,73.10863834
2484,49436.8794931,19.23203904,73.11709422
2487,49274.2275381,19.23181696,73.11541908
2489,49594.4273111,19.23240598,73.11861396
2515,49982.4758032,19.23264102,73.12275919
2523,50181.1990378,19.23311577,73.12465235
2546,50181.1990378,19.23311577,73.12465235
2552,50181.1990378,19.23311577,73.12465235
2556,50117.754994,19.23305312,73.12399429
2576,50709.60497,19.23499792,73.12906792
2576,50785.9186089,19.23519602,73.12977466
2607,50855.7653918,19.23540803,73.13040534
2612,50918.2644013,19.23582992,73.13084874
2794,50918.2644013,19.23582992,73.13084874
2829,51037.2751629,19.23629244,73.13187074
2852,50910.18204,19.23573024,73.13081501
2856,51042.8656967,19.23631187,73.13191995
