0,8949.07887179,19.01798183,72.84369066
9,9309.67761221,19.02097041,72.84509913
18,9309.67761221,19.02097041,72.84509913
25,9945.11761007,19.02584098,72.84824017
41,9945.11761007,19.02584098,72.84824017
59,9945.11761007,19.02584098,72.84824017
61,9945.11761007,19.02584098,72.84824017
90,10349.3332409,19.02850599,72.85099717
92,10349.3332409,19.02850599,72.85099717
94,10349.3332409,19.02850599,72.85099717
109,10349.3332409,19.02850599,72.85099717
124,10402.2511666,19.02901873,72.85108649
133,10402.2511666,19.02901873,72.85108649
139,10891.3371652,19.03271363,72.85360591
153,10891.3371652,19.03271363,72.85360591
183,12588.6390495,19.04550225,72.86241558
189,12859.8586531,19.04747834,72.86393354
193,12859.8586531,19.04747834,72.86393354
200,12859.8586531,19.04747834,72.86393354
202,12859.8586531,19.04747834,72.86393354
206,12859.8586531,19.04747834,72.86393354
275,15043.3277969,19.0630931,72.87651668
305,15043.3277969,19.0630931,72.87651668
312,15043.3277969,19.0630931,72.87651668
335,15351.4336533,19.06479629,72.87896337
366,15351.4336533,19.06479629,72.87896337
397,15351.4336533,19.06479629,72.87896337
399,15351.4336533,19.06479629,72.87896337
404,15351.4336533,19.06479629,72.87896337
410,15351.4336533,19.06479629,72.87896337
431,15494.3106979,19.06575819,72.8798657
433,15494.3106979,19.06575819,72.8798657
442,15494.3106979,19.06575819,72.8798657
449,15494.3106979,19.06575819,72.8798657
451,15494.3106979,19.06575819,72.8798657
454,15494.3106979,19.06575819,72.8798657
458,15559.6846449,19.06612148,72.88037682
463,15559.6846449,19.06612148,72.88037682
469,15559.6846449,19.06612148,72.88037682
472,15559.6846449,19.06612148,72.88037682
481,16288.6610922,19.07038978,72.88575581
494,16288.6610922,19.07038978,72.88575581
499,16288.6610922,19.07038978,72.88575581
523,17532.8196876,19.07750209,72.89477981
525,17532.8196876,19.07750209,72.89477981
530,17532.8196876,19.07750209,72.89477981
532,17532.8196876,19.07750209,72.89477981
540,17532.8196876,19.07750209,72.89477981
548,16864.2284374,19.07380944,72.88975046
557,17890.6017244,19.07945906,72.89748562
559,17890.6017244,19.07945906,72.89748562
561,17890.6017244,19.07945906,72.89748562
575,17976.8035869,19.08007435,72.89800966
577,17976.8035869,19.08007435,72.89800966
579,17976.8035869,19.08007435,72.89800966
593,17976.8035869,19.08007435,72.89800966
617,18560.5109339,19.08324382,72.90244408
622,18560.5109339,19.08324382,72.90244408
624,18560.5109339,19.08324382,72.90244408
633,19145.5568067,19.08548234,72.90766794
640,19145.5568067,19.08548234,72.90766794
673,19145.5568067,19.08548234,72.90766794
676,19145.5568067,19.08548234,72.90766794
689,19297.9421298,19.08641633,72.9087375
698,19297.9421298,19.08641633,72.9087375
709,19297.9421298,19.08641633,72.9087375
718,19297.9421298,19.08641633,72.9087375
727,19719.9060853,19.08847894,72.91204101
750,19719.9060853,19.08847894,72.91204101
754,20590.9693944,19.09437455,72.91775718
781,20590.9693944,19.09437455,72.91775718
790,21510.8316377,19.10030715,72.92362564
825,22637.1724215,19.11011222,72.92799839
830,22637.1724215,19.11011222,72.92799839
833,22637.1724215,19.11011222,72.92799839
835,22637.1724215,19.11011222,72.92799839
839,22637.1724215,19.11011222,72.92799839
842,22637.1724215,19.11011222,72.92799839
848,22637.1724215,19.11011222,72.92799839
855,22802.2470001,19.11194316,72.92801773
861,22802.2470001,19.11194316,72.92801773
866,23032.0983971,19.11460987,72.92774365
888,23205.0668955,19.11623891,72.92809166
890,23205.0668955,19.11623891,72.92809166
897,23205.0668955,19.11623891,72.92809166
920,24708.9068275,19.12881886,72.92804557
927,24708.9068275,19.12881886,72.92804557
929,24708.9068275,19.12881886,72.92804557
931,24708.9068275,19.12881886,72.92804557
936,24708.9068275,19.12881886,72.92804557
945,24708.9068275,19.12881886,72.92804557
949,24708.9068275,19.12881886,72.92804557
958,25316.0561236,19.13411846,72.93132415
965,25316.0561236,19.13411846,72.93132415
983,25316.0561236,19.13411846,72.93132415
1005,26002.1343185,19.13970273,72.93533756
1014,27049.3566455,19.14655745,72.94023503
1017,27049.3566455,19.14655745,72.94023503
1020,27049.3566455,19.14655745,72.94023503
1029,27049.3566455,19.14655745,72.94023503
1035,27049.3566455,19.14655745,72.94023503
1038,27421.2707618,19.14913017,72.94254568
1044,27421.2707618,19.14913017,72.94254568
1047,27421.2707618,19.14913017,72.94254568
1052,27792.3453972,19.15181276,72.94465466
1059,27792.3453972,19.15181276,72.94465466
1061,27792.3453972,19.15181276,72.94465466
1070,28197.6581221,19.15502684,72.94650103
1077,28197.6581221,19.15502684,72.94650103
1099,28364.0214511,19.15614053,72.94758578
1104,28994.0701606,19.16161508,72.94963334
1113,28994.0701606,19.16161508,72.94963334
1121,28994.0701606,19.16161508,72.94963334
1124,28994.0701606,19.16161508,72.94963334
1130,28994.0701606,19.16161508,72.94963334
1135,28994.0701606,19.16161508,72.94963334
1139,28994.0701606,19.16161508,72.94963334
1144,29992.7559385,19.1694134,72.95413236
1151,29992.7559385,19.1694134,72.95413236
1160,30123.9481367,19.1702923,72.95506976
1196,30372.9728449,19.17198117,72.95675959
1203,30372.9728449,19.17198117,72.95675959
1301,30372.9728449,19.17198117,72.95675959
1332,30372.9728449,19.17198117,72.95675959
1335,30372.9728449,19.17198117,72.95675959
1342,30372.9728449,19.17198117,72.95675959
1362,30697.8905555,19.17435025,72.95861001
1362,30697.8905555,19.17435025,72.95861001
1369,30697.8905555,19.17435025,72.95861001
1392,31473.0386264,19.17949884,72.96383446
1396,31473.0386264,19.17949884,72.96383446
1459,32689.1536217,19.18568719,72.97328155
1483,32689.1536217,19.18568719,72.97328155
1483,32689.1536217,19.18568719,72.97328155
1488,32979.355892,19.1864503,72.97619568
1492,32979.355892,19.1864503,72.97619568
1567,32981.0902971,19.18623919,72.97638943
1575,32981.0902971,19.18623919,72.97638943
1593,33035.7712114,19.18648499,72.97684554
1600,33035.7712114,19.18648499,72.97684554
1602,33035.7712114,19.18648499,72.97684554
1611,33179.0059507,19.18677415,72.97831564
1618,33089.8859952,19.18663697,72.97736938
1627,33089.8859952,19.18663697,72.97736938
1688,33633.8412278,19.1881422,72.98257656
1691,33633.8412278,19.1881422,72.98257656
1697,33633.8412278,19.1881422,72.98257656
1718,33538.6335034,19.18795618,72.98161791
1718,33538.6335034,19.18795618,72.98161791
1727,33538.6335034,19.18795618,72.98161791
1730,33538.6335034,19.18795618,72.98161791
1733,33538.6335034,19.18795618,72.98161791
1739,33538.6335034,19.18795618,72.98161791
1742,34116.3333212,19.18939951,72.98716803
1745,34116.3333212,19.18939951,72.98716803
1751,34284.5803165,19.18994977,72.98868621
1754,34284.5803165,19.18994977,72.98868621
1779,34566.6437888,19.19107809,72.99109918
1817,34791.7657745,19.19041712,72.99393905
1903,37938.9958235,19.18975117,73.02331594
1916,38026.6009436,19.19620432,73.02312778
1924,38026.6009436,19.19620432,73.02312778
1947,38026.6009436,19.19620432,73.02312778
1978,39510.9654248,19.18709745,73.03842279
1979,39510.9654248,19.18709745,73.03842279
1983,39510.9654248,19.18709745,73.03842279
2001,39696.8296581,19.18791938,73.04017335
2003,39696.8296581,19.18791938,73.04017335
2010,39939.0649181,19.18901327,73.04243827
2012,39939.0649181,19.18901327,73.04243827
2040,40667.3995261,19.19116659,73.04711647
2046,40667.3995261,19.19116659,73.04711647
2071,40174.5412585,19.18975005,73.0446438
2079,37791.7155316,19.20553039,73.01729885
2097,40555.5918889,19.19027941,73.04595357
2118,41432.0557475,19.19416444,73.05457918
2124,41432.0557475,19.19416444,73.05457918
2151,41432.0557475,19.19416444,73.05457918
2224,45020.6755385,19.21489526,73.0826573
2230,45020.6755385,19.21489526,73.0826573
2233,45020.6755385,19.21489526,73.0826573
2255,45787.456186,19.21742607,73.08571342
2260,45787.456186,19.21742607,73.08571342
2300,45882.1177975,19.21789204,73.0864681
2304,45975.4432901,19.21866029,73.08698269
2307,45975.4432901,19.21866029,73.08698269
2331,45975.4432901,19.21866029,73.08698269
2334,45975.4432901,19.21866029,73.08698269
2337,45975.4432901,19.21866029,73.08698269
2341,45975.9956326,19.21842811,73.0871619
2362,46403.4535572,19.22084722,73.09033612
2366,46548.3532698,19.22168204,73.0914007
2370,46548.3532698,19.22168204,73.0914007
2393,46561.41355,19.22158671,73.09162415
2397,46868.3384999,19.22336356,73.09387294
2424,47430.0100985,19.22626075,73.09825335
2426,47693.1303942,19.22714347,73.10065794
2429,47693.1303942,19.22714347,73.10065794
2454,48062.9860827,19.2281691,73.10418174
2455,48062.9860827,19.2281691,73.10418174
2462,48062.9860827,19.2281691,73.10418174
2484,47855.3506027,19.22760358,73.10219847
2487,49278.7415946,19.23191676,73.1154038
2489,49278.7415946,19.23191676,73.1154038
2515,49710.6987611,19.23242192,73.11989522
2523,50113.1483729,19.23304483,73.12394875
2546,50181.1990378,19.23311577,73.12465235
2552,50181.1990378,19.23311577,73.12465235
2556,50181.1990378,19.23311577,73.12465235
2576,50611.142075,19.23473117,73.12816149
2576,50698.1210105,19.23468313,73.12910975
2607,50611.142075,19.23473117,73.12816149
2612,50910.18204,19.23573024,73.13081501
2794,50956.3777762,19.23609008,73.13111724
2829,51020.408831,19.23635824,73.13165696
2852,51020.408831,19.23635824,73.13165696
2856,51042.8754848,19.2363183,73.13191669
